100
5 12 17 34 80 100
4 42 66 77 98
5 57 76 78 88 89
6 32 38 56 65 67 99
4 49 61 84 94
4 26 46 68 86
4 24 35 70 91
3 16 33 52
5 51 81 82 83 90
4 30 60 64 85
4 41 55 63 69
5 1 36 48 72 95
4 53 54 79 87
3 59 92 93
5 50 58 71 86 97
4 8 40 47 73
5 1 29 62 74 75
4 23 37 39 45
3 31 43 44
5 21 22 25 27 28
5 20 35 58 89 100
4 20 62 70 76
5 18 42 66 80 94
5 7 43 68 75 93
5 20 52 64 72 97
6 6 45 55 64 85 95
5 20 67 78 82 91
4 20 38 61 98
5 17 63 71 81 96
5 10 59 60 69 73
5 19 36 37 39 40
5 4 74 77 83 84
5 8 56 57 79 86
5 1 41 44 87 88
2 7 21
2 12 31
2 18 31
2 4 28
2 18 31
2 16 31
2 11 34
2 2 23
2 19 24
2 19 34
2 18 26
1 6
1 16
1 12
1 5
1 15
1 9
2 8 25
1 13
1 13
2 11 26
2 4 33
2 3 33
2 15 21
2 14 30
2 10 30
2 5 28
2 17 22
2 11 29
2 10 25
2 4 26
2 2 23
2 4 27
2 6 24
2 11 30
2 7 22
2 15 29
2 12 25
2 16 30
2 17 32
2 17 24
2 3 22
2 2 32
2 3 27
2 13 33
2 1 23
2 9 29
2 9 27
2 9 32
2 5 32
2 10 26
2 6 33
2 13 34 
2 3 34
2 3 21
1 9
2 7 27
1 14
2 14 24
2 5 23
2 12 26
2 15 29
2 15 25
2 2 28
1 4
2 1 21
5
5
5
 