75
3 25 50 75
4 12 24 36 48
4 15 30 45 60
3 14 44 74
4 10 20 40 70
3 13 33 73
3 16 32 54 
3 11 41 71 
4 39 42 69 72
4 5 17 47 55
4 8 19 49 66
4 2 18 21 51
4 6 22 46 52
3 4 23 53
3 3 38 68
3 7 37 67
3 10 26 56
3 12 31 61
3 11 33 63
3 5 34 64
3 12 35 65
3 13 27 51
3 14 28 58
4 2 29 59 62
3 1 61 62
3 17 50 51
3 22 52 53
3 23 54 55
3 24 56 57
3 3 58 59
3 18 63 64
3 7 65 66
3 19 67 68
3 20 69 70
3 21 71 72
3 2 73 74
3 16 60 75
2 15 49
2 9 48
1 5
1 8
2 9 45
2 6 44
2 4 43
2 3 42
1 13
1 10
2 2 39
2 11 38
2 1 26
2 12 26
2 13 37
2 14 27
2 7 28
2 10 28
2 17 29
2 22 29
1 23
1 24
2 3 37
2 18 25
2 24 25
2 19 31
2 20 31
2 21 32
2 11 32
2 16 33
2 15 33
2 9 34
2 5 34
2 8 35
2 9 35
2 6 36
2 4 36
2 1 37
10
5
0.3