100
3 2 3 4
3 1 5 6
3 1 7 8
3 1 9 10
3 2 11 12
3 2 13 14
3 3 15 16
3 3 17 18
3 4 19 20
3 4 21 22
3 5 23 24
3 5 25 26
3 6 27 28
3 6 29 30
3 7 31 32
3 7 33 34
3 8 35 36
3 8 37 38
3 9 39 40
3 9 41 42
3 10 43 44
3 10 45 46
3 11 47 48
3 11 49 50
3 12 51 52
3 12 53 54
3 13 55 56
3 13 57 58
3 14 59 60
3 14 61 62
3 15 63 64
3 15 65 66
3 16 67 68
3 16 69 70
3 17 71 72
3 17 73 74
3 18 75 76
3 18 77 78
3 19 79 80
3 19 81 82
3 20 83 84
3 20 85 86
3 21 87 88
3 21 89 90
3 22 91 92
3 22 93 94
3 23 95 96
3 23 97 98
3 24 99 100
3 24 100 99
3 25 98 97
3 25 96 95
3 26 94 93
3 26 92 91
3 27 90 89
3 27 87 88
3 28 85 86
3 28 83 84
3 29 81 82
3 29 79 80
3 30 77 78
3 30 75 76
3 31 73 74
3 31 71 72
3 32 69 70
3 32 67 68
3 33 66 100
3 33 66 99
3 34 65 98
3 34 65 97
3 35 64 96
3 35 64 95
3 36 63 94
3 36 63 93
3 37 62 92
3 37 62 91
3 38 61 90
3 38 61 89
3 39 60 88
3 39 60 87
3 40 59 86
3 40 59 85
3 41 58 84
2 41 58
3 42 57 82
3 42 57 81
3 43 56 80
3 43 56 79
3 44 55 78
3 44 55 77
3 45 54 76
3 45 54 75
3 46 53 74
3 46 53 73
3 47 52 72
3 47 52 71
3 48 51 70
3 48 51 69
3 49 50 68
3 49 50 67
10
10
0.9